Atlas,Labels
1,41
1,491
1,681
1,691
1,211
1,501
1,701
1,11
1,21
1,121
1,451
1,111
1,161
1,511
1,711
1,141
1,251
1,261
1,271
1,301
1,441
1,281
1,311
1,381
1,391
1,401
1,651
1,661
1,671
1,521
1,531
1,541
1,551
1,561
1,571
1,581
1,591
1,601
1,611
1,721
1,131
1,201
1,771
1,291
1,321
1,331
1,621
1,631
1,641
1,971
1,42
1,492
1,682
1,692
1,212
1,502
1,702
1,12
1,22
1,122
1,452
1,112
1,162
1,512
1,712
1,142
1,252
1,262
1,272
1,302
1,442
1,282
1,312
1,382
1,392
1,402
1,652
1,662
1,672
1,522
1,532
1,542
1,552
1,562
1,572
1,582
1,592
1,602
1,612
1,722
1,132
1,202
1,772
1,292
1,322
1,332
1,622
1,632
1,642
1,972
